function UsedSets=GetUsedSets()

%UsedSets=[1:6 9:19 21:25 28:51 54 55 59:64 65 69 74:76 77 83 84 85 88 89 92 93:105 106 110 114 118 122 126:128];
%UsedSets=[1:6 9:19 21:25 28:51  55 59:64 65 69 74:76 77 83 84 85 89 92 93:105 106 110 114 118 122 126:128];
UsedSets=[1:6 9:19 21:25 28:51  55 59:64 65 69 74:76 77 83 84 93:100 102 103 105 106 110 114 118 122 126:128];




